[gd_scene load_steps=5 format=3 uid="uid://cnpmuklk4r7km"]

[ext_resource type="Script" path="res://Level/abstract_level.gd" id="1_6x6op"]
[ext_resource type="Material" uid="uid://bk8ewcvmq6bvu" path="res://Textures/materials/GridTexture1.tres" id="2_rp114"]
[ext_resource type="PackedScene" uid="uid://b64ovwa3oxmk5" path="res://Characters/player.tscn" id="3_io1u0"]

[sub_resource type="Environment" id="Environment_hsntm"]

[node name="OceanFloorLevel" type="Node3D"]
script = ExtResource("1_6x6op")
num_coins = 0
num_crystals = 0
num_barrels = 0

[node name="WorldEnvironment" type="WorldEnvironment" parent="."]
environment = SubResource("Environment_hsntm")

[node name="DirectionalLight3D" type="DirectionalLight3D" parent="."]
transform = Transform3D(1, 0, 0, 0, -0.0233329, 0.999728, 0, -0.999728, -0.0233329, 0, 32.3626, 0)

[node name="Map" type="Node3D" parent="."]
transform = Transform3D(0.841744, 0, 0, 0, 0.841744, 0, 0, 0, 0.841744, 0, 0, 0)

[node name="coral" type="CSGCylinder3D" parent="Map"]
transform = Transform3D(0.871214, 0.490904, 2.14581e-08, 0, -4.37114e-08, 1, 0.490904, -0.871214, -3.8082e-08, -0.201622, -0.0915622, 36.6102)
radius = 4.1661
height = 42.4397

[node name="coral2" type="CSGCylinder3D" parent="Map"]
transform = Transform3D(0.526407, 0.850233, 3.71648e-08, -1.83855e-15, -4.37114e-08, 1, 0.850233, -0.526407, -2.301e-08, 18.7465, -0.0915531, -27.6182)
radius = 3.09575
height = 39.4894

[node name="coral3" type="CSGCylinder3D" parent="Map"]
transform = Transform3D(0.871556, 0.490295, 2.14315e-08, -2.87915e-15, -4.37114e-08, 1, 0.490295, -0.871556, -3.80969e-08, 65.6667, -0.0915622, -54.4688)
radius = 3.09575
height = 39.4894

[node name="coral4" type="CSGCylinder3D" parent="Map"]
transform = Transform3D(0.784646, 0.619943, 2.70986e-08, -4.71842e-15, -4.37114e-08, 1, 0.619943, -0.784647, -3.4298e-08, 51.1522, 1.9202, 47.5841)
radius = 5.38496
height = 33.8124

[node name="Floor" type="CSGBox3D" parent="Map"]
transform = Transform3D(1, 0, 0, 0, 1, 0, 0, 0, 1, -9.65989, -0.12697, 12.5935)
use_collision = true
size = Vector3(209.866, 0.164673, 241.772)
material = ExtResource("2_rp114")

[node name="Floor1" type="CSGBox3D" parent="Map"]
transform = Transform3D(0.727833, 0, -0.685755, 0, 1, 0, 0.685755, 0, 0.727833, -55.7287, 4.21616, -49.3439)
use_collision = true
size = Vector3(108.025, 10.8491, 279.347)

[node name="Floor2" type="CSGBox3D" parent="Map"]
transform = Transform3D(0.802547, 0, -0.596589, 0, 1, 0, 0.596589, 0, 0.802547, 50.9191, 0.307357, 46.0895)
use_collision = true
size = Vector3(61.8103, 1.86865, 219.578)

[node name="Floor3" type="CSGBox3D" parent="Map"]
transform = Transform3D(0.871385, 0, -0.4906, 0, 1, 0, 0.4906, 0, 0.871385, -57.0532, 1.6727, 96.3342)
use_collision = true
size = Vector3(111.136, 4.59937, 96.7168)

[node name="Walls" type="Node3D" parent="Map"]
transform = Transform3D(0.741496, 0, -0.670957, 0, 1, 0, 0.670957, 0, 0.741496, 0, 0, 0)

[node name="Wall1" type="CSGBox3D" parent="Map/Walls"]
transform = Transform3D(0.614079, 0, 0.789245, 0, 1, 0, -0.789245, 0, 0.614079, -66.4001, 12.8899, -60.978)
size = Vector3(208.854, 27.0337, 1)

[node name="Wall2" type="CSGBox3D" parent="Map/Walls"]
transform = Transform3D(0.0692167, 0, 0.997602, 0, 1, 0, -0.997602, 0, 0.0692167, 90.0349, 12.8899, 19.2906)
size = Vector3(89.0483, 27.0337, 1)

[node name="Wall3" type="CSGBox3D" parent="Map/Walls"]
transform = Transform3D(-0.631082, 0, 0.775716, 0, 1, 0, -0.775716, 0, -0.631082, 44.688, 12.0176, -80.1658)
size = Vector3(164.655, 27.0337, 1)

[node name="Wall4" type="CSGBox3D" parent="Map/Walls"]
transform = Transform3D(-0.716923, 0, 0.697153, 0, 1, 0, -0.697153, 0, -0.716923, -59.6662, 12.8899, 85.3867)
size = Vector3(199.378, 27.0337, 1)

[node name="Wall5" type="CSGBox3D" parent="Map/Walls"]
transform = Transform3D(0.618683, 0, 0.785641, 0, 1, 0, -0.785641, 0, 0.618683, 50.5919, 12.8899, 104.718)
size = Vector3(132.193, 27.0337, 1)

[node name="Player" parent="." instance=ExtResource("3_io1u0")]
transform = Transform3D(1, 0, 0, 0, 1, 0, 0, 0, 1, 0, 1, 0)
